[gd_scene load_steps=15 format=2]

[ext_resource path="res://source/scenes/titlescreen/start_screen.tscn" type="PackedScene" id=1]
[ext_resource path="res://source/scenes/titlescreen/host_screen.tscn" type="PackedScene" id=2]
[ext_resource path="res://assets/props/player/player.tscn" type="PackedScene" id=3]
[ext_resource path="res://assets/materials/sand.tres" type="Material" id=4]
[ext_resource path="res://source/scenes/titlescreen/settings.tscn" type="PackedScene" id=6]
[ext_resource path="res://assets/props/player/player_model.gd" type="Script" id=7]
[ext_resource path="res://assets/props/sprites/brown_grass.png" type="Texture" id=8]
[ext_resource path="res://source/scenes/titlescreen/title_screenpages.gd" type="Script" id=9]
[ext_resource path="res://assets/music/titlescreen_theme.mp3" type="AudioStream" id=10]

[sub_resource type="ProceduralSky" id=1]
sky_top_color = Color( 0.137255, 0.0980392, 0.0313726, 1 )
sky_horizon_color = Color( 0.701961, 0.588235, 0.427451, 1 )
sky_curve = 0.173868
sun_latitude = 20.0
sun_longitude = 22.39

[sub_resource type="Environment" id=2]
background_mode = 2
background_sky = SubResource( 1 )
ambient_light_sky_contribution = 0.78
fog_enabled = true
fog_color = Color( 0.882353, 0.678431, 0.356863, 1 )
fog_depth_begin = 2.0
fog_depth_end = 18.0
fog_depth_curve = 1.41421
auto_exposure_scale = 0.01
ssao_quality = 0
ssao_blur = 1
adjustment_enabled = true

[sub_resource type="CubeMesh" id=3]
material = ExtResource( 4 )
size = Vector3( 24, 2, 14 )

[sub_resource type="CubeMesh" id=4]
material = ExtResource( 4 )
size = Vector3( 4, 2, 4 )

[sub_resource type="CubeMesh" id=5]
material = ExtResource( 4 )
size = Vector3( 2, 4, 4 )

[node name="TitleScreen" type="Spatial"]

[node name="env" type="WorldEnvironment" parent="."]
environment = SubResource( 2 )

[node name="title_screenpages" type="Control" parent="."]
anchor_right = 1.0
anchor_bottom = 1.0
script = ExtResource( 9 )
__meta__ = {
"_edit_use_anchors_": false
}

[node name="theme" type="AudioStreamPlayer" parent="title_screenpages"]
stream = ExtResource( 10 )
autoplay = true
bus = "music"

[node name="titlescreen" parent="title_screenpages" instance=ExtResource( 1 )]

[node name="hostscreen" parent="title_screenpages" instance=ExtResource( 2 )]
visible = false

[node name="settings" parent="title_screenpages" instance=ExtResource( 6 )]
visible = false

[node name="DirectionalLight" type="DirectionalLight" parent="."]
transform = Transform( 0.956849, -0.145293, 0.251654, -0.290585, -0.478425, 0.828656, 0, -0.866025, -0.5, -1, 4, -3 )
light_color = Color( 0.996078, 0.964706, 0.752941, 1 )
light_bake_mode = 0
shadow_enabled = true

[node name="camera" type="Camera" parent="."]
transform = Transform( 1, 0, 0, 0, 0.978148, -0.207912, 0, 0.207912, 0.978148, 0, 1.5, 2 )
current = true

[node name="player_model" parent="." instance=ExtResource( 3 )]
transform = Transform( 0.819152, 0, -0.573577, 0, 1, 0, 0.573577, 0, 0.819152, 1.3749, 0.984639, 0 )
script = ExtResource( 7 )

[node name="floor" type="CSGMesh" parent="."]
transform = Transform( 1, 0, 0, 0, 1, 0, 0, 0, 1, 0, 0, -5 )
mesh = SubResource( 3 )

[node name="floor2" type="CSGMesh" parent="."]
transform = Transform( 1, 0, 0, 0, 1, 0, 0, 0, 1, 2, 2, -7 )
mesh = SubResource( 4 )

[node name="floor4" type="CSGMesh" parent="."]
transform = Transform( 0.5, 0, -0.866025, 0, 1, 0, 0.866025, 0, 0.5, 7, 2, -5 )
mesh = SubResource( 4 )

[node name="floor5" type="CSGMesh" parent="."]
transform = Transform( 0.5, 0, -0.866025, 0, 1, 0, 0.866025, 0, 0.5, -4, 2, -3 )
mesh = SubResource( 4 )

[node name="floor3" type="CSGMesh" parent="."]
transform = Transform( 0.707107, 0, -0.707107, 0, 1, 0, 0.707107, 0, 0.707107, -2.0934, 3, -7 )
mesh = SubResource( 5 )

[node name="Sprite3D" type="Sprite3D" parent="."]
transform = Transform( 3, 0, 0, 0, 3, 0, 0, 0, 3, -1, 1.36326, -1 )
billboard = 2
texture = ExtResource( 8 )

[connection signal="on_host_pressed" from="title_screenpages/titlescreen" to="title_screenpages" method="_on_host_pressed"]
[connection signal="on_settings_pressed" from="title_screenpages/titlescreen" to="title_screenpages" method="_on_settings_pressed"]
[connection signal="on_pack_pressed" from="title_screenpages/hostscreen" to="title_screenpages" method="_on_back_pressed"]
[connection signal="on_back_pressed" from="title_screenpages/settings" to="title_screenpages" method="_on_back_pressed"]
