[gd_scene load_steps=2 format=2]

[sub_resource type="BoxShape" id=1]
extents = Vector3( 1, 1.2, 0.5 )

[node name="dust2" type="Spatial"]

[node name="mid" type="CSGCombiner" parent="."]
use_collision = true

[node name="xbox" type="CSGBox" parent="mid"]
transform = Transform( 1, 0, 0, 0, 1, 0, 0, 0, 1, -2, 2.42209, 6 )
width = 4.0
height = 4.0
depth = 4.0

[node name="xbox4" type="CSGBox" parent="mid"]
transform = Transform( 1, 0, 0, 0, 0.965926, -0.258819, 0, 0.258819, 0.965926, -2.869, 1.85421, 3.68448 )
height = 2.35584
depth = 0.217473

[node name="StaticBody" type="StaticBody" parent="mid/xbox4"]

[node name="xbox5" type="CollisionShape" parent="mid/xbox4/StaticBody"]
transform = Transform( 1, 0, 0, 0, 0.965926, 0.258819, 0, -0.258819, 0.965926, -0.0479565, 0.0142753, 0.0532753 )
shape = SubResource( 1 )

[node name="xbox2" type="CSGBox" parent="mid"]
transform = Transform( 1, 0, 0, 0, 1, 0, 0, 0, 1, 7, 6.42209, -68.5822 )
width = 4.0
height = 4.0
depth = 4.0

[node name="xbox3" type="CSGBox" parent="mid"]
transform = Transform( -0.173648, -0.984808, 0, 0.984808, -0.173648, 0, 0, 0, 1, 7, 4.42209, -99.5822 )
width = 18.0
height = 86.0
depth = 21.9384

[node name="mid_door1" type="CSGBox" parent="mid"]
transform = Transform( 0.848981, 0, -0.528423, 0, 1, 0, 0.528423, 0, 0.848981, -3, 3.42209, 16 )
width = 6.0
height = 8.0
depth = 1.0

[node name="mid_door2" type="CSGBox" parent="mid"]
transform = Transform( 0.847784, 0.00179997, -0.530338, -0.00179646, 0.999998, 0.000522214, 0.530338, 0.000510003, 0.847786, 6.52793, 3.42209, 17 )
width = 8.0
height = 8.0
depth = 1.0

[node name="short_wall" type="CSGBox" parent="mid"]
transform = Transform( 1, 0, 0, 0, 1, 0, 0, 0, 1, -5, 2.42209, -8 )
height = 6.0
depth = 46.0

[node name="short_floor" type="CSGBox" parent="mid"]
transform = Transform( 1, 0, 0, 0, 1, 0, 0, 0, 1, -18.1038, 1.42209, -11 )
width = 26.0
height = 6.0
depth = 50.0

[node name="short_floor2" type="CSGBox" parent="mid"]
transform = Transform( 1, 0, 0, 0, 1, 0, 0, 0, 1, -4.10376, 1.42209, -72.1496 )
width = 100.918
height = 6.0
depth = 82.4996

[node name="short_wall3" type="CSGBox" parent="mid"]
transform = Transform( 1, 0, 0, 0, 1, 0, 0, 0, 1, -24, 12.4221, -18 )
width = 21.7309
height = 28.0
depth = 46.0

[node name="short_wall4" type="CSGBox" parent="mid"]
transform = Transform( 1, 0, 0, 0, 1, 0, 0, 0, 1, -21, 12.4221, 18 )
width = 32.0
height = 28.0
depth = 8.0

[node name="mid_wall" type="CSGBox" parent="mid"]
transform = Transform( 1, 0, 0, 0, 1, 0, 0, 0, 1, 13, 12.4221, -14.6482 )
width = 10.0
height = 28.0
depth = 32.0

[node name="mid_wall3" type="CSGBox" parent="mid"]
transform = Transform( 1, 0, 0, 0, 1, 0, 0, 0, 1, 23, 12.4221, -46.6482 )
width = 10.0
height = 28.0
depth = 134.0

[node name="mid_wall4" type="CSGBox" parent="mid"]
transform = Transform( 1, 0, 0, 0, 1, 0, 0, 0, 1, 13.4607, 12.4221, -72.7529 )
width = 10.0
height = 28.0
depth = 32.0

[node name="mid_wall5" type="CSGBox" parent="mid"]
transform = Transform( 1, 0, 0, 0, 1, 0, 0, 0, 1, -13.5393, 12.4221, -68.7529 )
width = 28.0
height = 28.0
depth = 23.1222

[node name="mid_wall6" type="CSGBox" parent="mid"]
transform = Transform( 1, 0, 0, 0, 1, 0, 0, 0, 1, 4.61387, 22.4221, -68.7529 )
width = 8.09328
height = 8.0
depth = 23.1222

[node name="top_mid_barrel" type="CSGCylinder" parent="mid"]
transform = Transform( 1, 0, 0, 0, 1, 0, 0, 0, 1, -4.27187, 5.95252, -45.6273 )
radius = 1.05585
height = 2.78119

[node name="mid_wall2" type="CSGBox" parent="mid"]
transform = Transform( 1, 0, 0, 0, 1, 0, 0, 0, 1, 13, 12.4221, 17.0328 )
width = 10.0
height = 28.0
depth = 18.0

[node name="mid_slope" type="CSGBox" parent="mid"]
transform = Transform( 1, 0, 0, 0, 0.994151, -0.107999, 0, 0.107999, 0.994151, 2, 1, -7 )
width = 12.0
depth = 48.0

[node name="ct_floor" type="CSGBox" parent="mid"]
transform = Transform( 1, 0, 0, 0, 1, 0, 0, 0, 1, 2, -1, 18.4315 )
width = 34.0
depth = 22.0

[node name="lower_floor" type="CSGBox" parent="mid"]
transform = Transform( 1, 0, 0, 0, 1, 0, 0, 0, 1, 15, 0, 5.43147 )
width = 14.0
depth = 8.0

[node name="spawns" type="Spatial" parent="."]

[node name="topmid" type="Position3D" parent="spawns"]
transform = Transform( 1, 0, 0, 0, 1, 0, 0, 0, 1, 0, 7.33796, -37.973 )

[node name="tspawn" type="Position3D" parent="spawns"]
transform = Transform( 1, 0, 0, 0, 1, 0, 0, 0, 1, 11.8195, 17.1262, -100.037 )

[node name="ct" type="Position3D" parent="spawns"]
transform = Transform( 1, 0, 0, 0, 1, 0, 0, 0, 1, 0, 1.62141, 20.7513 )

[node name="tunnel" type="Position3D" parent="spawns"]
transform = Transform( 1, 0, 0, 0, 1, 0, 0, 0, 1, 14.3997, 3.23607, 5.78772 )

[node name="short" type="Position3D" parent="spawns"]
transform = Transform( 1, 0, 0, 0, 1, 0, 0, 0, 1, -13.274, 7.33796, 9.13908 )

[node name="DirectionalLight" type="DirectionalLight" parent="."]
transform = Transform( 0.983502, -0.00638579, 0.180784, -0.174955, -0.287616, 0.94163, 0.0459834, -0.957724, -0.283989, 0, 10.2832, 0 )
light_color = Color( 0.992157, 0.980392, 0.952941, 1 )
light_energy = 0.7
shadow_enabled = true
